2 1.1840002844110132e-05
4 1.3559998478740454e-05
5 1.4250000822357833e-05
10 1.5259996871463954e-05
15 1.610000035725534e-05
20 2.0590005442500113e-05
25 2.4919997667893767e-05
30 2.8030003886669874e-05
40 3.971000260207802e-05
50 4.945000109728426e-05
60 5.3330001537688074e-05
70 6.597000174224377e-05
80 9.253999451175332e-05
90 8.790000283624977e-05
100 9.978999441955239e-05
125 0.0001676500018220395
150 0.00019262999994680287
175 0.00021119000157341362
200 0.0003392400045413524
300 0.0005113799968967214
400 0.0025580099987564608
500 0.003286480001406744
650 0.00578745000238996
800 0.009389519997057505
1000 0.01601196000701748
2000 0.08995314999483525
5000 0.7279979000013554
10000 4.7703228399972435
