2 2.1229995763860642e-05
4 1.970000739675015e-05
5 2.744999947026372e-05
10 3.156999300699681e-05
15 3.371000639162958e-05
20 3.606999816838652e-05
25 4.574000486172736e-05
30 5.006999708712101e-05
40 0.00012301999086048455
50 0.0001299300027312711
60 0.00016169000009540467
70 0.0002342300023883581
80 0.00022340001014526935
90 0.0002278500032844022
100 0.0002161000040359795
125 0.00035946000134572386
150 0.00037374999956227837
175 0.0004330099938670173
200 0.0007498699997086078
300 0.0019474000029731542
400 0.006405879999510944
500 0.009742430000915191
650 0.017037529998924585
800 0.027659709996078162
1000 0.047403090001898816
2000 0.29423274000000676
5000 2.615561109999544
10000 17.514543670002602
