2 0.0003485000052023679 0.0007374999986495823
4 0.0002564000023994595 0.001102299997000955
8 0.00029520000680349767 0.0018124000052921474
10 0.0003240000078221783 0.0021558000007644296
20 0.0004188999882899225 0.0035854000016115606
40 0.00174459999834653 0.016451399991638027
80 0.003848299995297566 0.02995569999620784
100 0.005620800002361648 0.03601929999422282
200 0.0181089000107022 0.0766752999916207
400 0.05624119999993127 0.1498070999950869
800 0.2206856999982847 0.17554779999773018
1000 0.3411220999987563 0.23567059999913909
2000 0.6991149999957997 0.5647960000060266
4000 2.5724021999922115 1.9283684999973048
8000 10.190215299997362 7.042443800004548
10000 15.887982899992494 10.903017200005706
