2 2.0899999071843922e-05 0.10388599999714643
4 2.1400002879090607e-05 5.0300004659220576e-05
8 2.469999890308827e-05 3.8300000596791506e-05
10 2.9399991035461426e-05 3.530000685714185e-05
20 6.340000254567713e-05 5.4799995268695056e-05
40 0.00018060000729747117 0.0003043999895453453
80 0.0015871999930823222 0.0003837999975075945
100 0.0024981999886222184 0.000418399999034591
200 0.009852999995928258 0.0010750000074040145
400 0.02166410000063479 0.0030051000067032874
800 0.10136260000581387 0.01289359999645967
1000 0.13356729999941308 0.029342499998165295
2000 0.5517019999970216 0.17872199999692384
4000 2.251716699989629 1.1901343000063207
8000 8.954163899994455 8.517421600001398
10000 14.244960299998638 16.101407399997697
