2 0.00018859999545384198 0.00013110000872984529
4 0.00020920000679325312 0.00019619999511633068
8 0.0002523000002838671 6.939999002497643e-05
10 0.00027239999326411635 0.00024730000586714596
20 0.0004042999935336411 0.0002539999986765906
40 0.0007149000011850148 0.0002607999922474846
80 0.004276299994671717 0.000192599996807985
100 0.006473300003563054 0.0002234999992651865
200 0.015396299990243278 0.00031820000731386244
400 0.02863809998962097 0.0002796000044327229
800 0.1656896000058623 0.0006635000027017668
1000 0.19746539999323431 0.0006280000088736415
2000 0.6495275000052061 0.0007596999930683523
4000 2.540712000001804 0.001531400004751049
8000 10.640786199990544 0.0037192000017967075
10000 17.34450019999349 0.00577970000449568
