2 2.269999822601676e-05 4.9700000090524554e-05
4 2.3299988242797554e-05 3.200001083314419e-05
8 2.7900008717551827e-05 2.9999995604157448e-05
10 3.5200006095692515e-05 2.6299996534362435e-05
20 6.720000237692147e-05 3.949999518226832e-05
40 0.00018289999570697546 5.889999738428742e-05
80 0.0016565999976592138 0.00012620000052265823
100 0.002436199996736832 0.00022360000002663583
200 0.008323199988808483 0.0004994000046281144
400 0.022914100001798943 0.0018851000058930367
800 0.08745959999214392 0.007403399999020621
1000 0.1314468000055058 0.011539999992237426
2000 0.5518334999942454 0.07298130000708625
4000 2.261546699999599 0.42589260000386275
8000 9.046849499995005 2.341258200001903
10000 14.206504699992365 4.266001900003175
