2 2.160000440198928e-05 0.11086010000144597
4 2.5000001187436283e-05 5.539999983739108e-05
8 3.029999788850546e-05 4.8999994760379195e-05
10 3.619999915827066e-05 5.390000296756625e-05
20 6.600000779144466e-05 7.769999501761049e-05
40 0.00018139999883715063 0.0002459999959683046
80 0.0014112000062596053 0.0005079999973531812
100 0.0023249000078067183 0.0005957999965175986
200 0.01056080000125803 0.0012446999899111688
400 0.019500199996400625 0.0028824000037275255
800 0.08781770001223776 0.013606699998490512
1000 0.13084510000771843 0.031300299990107305
2000 0.5460583999956725 0.1658785000036005
4000 2.789061900009983 1.21619649999775
8000 9.293354699999327 8.431522099999711
10000 15.612372999996296 16.09883190000255
