2 0.0003088000084972009 0.0007239999977173284
4 0.0002511000056983903 0.0010863000061362982
8 0.0002505000011296943 0.0015730000013718382
10 0.0003173000004608184 0.002140299999155104
20 0.000417799994465895 0.003540000005159527
40 0.0017531999910715967 0.015173400010098703
80 0.004316499995184131 0.03065000000060536
100 0.0067347000003792346 0.04036320000886917
200 0.017240200002561323 0.08093019999796525
400 0.06100469999364577 0.15309829999750946
800 0.21358400001190603 0.17525559999921825
1000 0.2718224999989616 0.22703949999413453
2000 0.7789330999949016 0.5829888000007486
4000 2.614729900000384 1.8269702999969013
8000 10.470118700002786 6.975719599999138
10000 17.422404500000994 10.68237819999922
