2 2.0199993741698563e-05 0.12170340000011493
4 2.300000051036477e-05 4.9000009312294424e-05
8 3.0199997127056122e-05 4.090000584255904e-05
10 3.510000533424318e-05 3.599999763537198e-05
20 6.520000169984996e-05 5.6500008213333786e-05
40 0.00021579999884124845 0.0002384999970672652
80 0.0015286999987438321 0.00048010000318754464
100 0.0022687000018777326 0.0005395999905886129
200 0.009970899991458282 0.0010230000043520704
400 0.018589500003145076 0.003053699998417869
800 0.0837113000015961 0.017775000000256114
1000 0.13000990000728052 0.0292252999934135
2000 0.5453793999913614 0.16967860001022927
4000 2.2215868000057526 1.2061748999985866
8000 9.004740999997011 8.533067099997425
10000 14.185622500008321 16.391900299990084
