2 0.00018590000399854034 0.0005864999984623864
4 0.00021669999114237726 0.0002576000115368515
8 0.00025889999233186245 0.0002555999963078648
10 0.0002739999908953905 0.00027010000485461205
20 0.00039570000080857426 0.00027520000003278255
40 0.0007240999984787777 0.00029170000925660133
80 0.003825799998594448 0.00041849999979604036
100 0.005826400010846555 0.0002502999996067956
200 0.019446399994194508 0.0002539999986765906
400 0.03940349999174941 0.0002995000104419887
800 0.1308508000074653 0.0006233000021893531
1000 0.2163457999995444 0.0005248999950708821
2000 0.7010301999980584 0.0008759000047575682
4000 2.5704401999973925 0.001491799994255416
8000 10.264611999999033 0.003997400010121055
10000 17.61310339999909 0.006090599999879487
