2 1.7099999240599573e-05 0.11175019999791402
4 2.2899999748915434e-05 5.0700007705017924e-05
8 2.4199995095841587e-05 3.9000005926936865e-05
10 3.5200006095692515e-05 3.569999535102397e-05
20 6.560000474564731e-05 6.259999645408243e-05
40 0.00021579999884124845 0.00023010000586509705
80 0.0016401000029873103 0.0003612000000430271
100 0.0028088999970350415 0.0008582000009482726
200 0.009171600002446212 0.0009108999947784469
400 0.019939899997552857 0.0049639000062597916
800 0.09012280000024475 0.016378200001781806
1000 0.1471111999999266 0.03043640000396408
2000 0.5315872999926796 0.16721460000553634
4000 2.244534700002987 1.2228376999992179
8000 9.135422000006656 8.300653400001465
10000 14.310350300002028 15.702568299995619
