2 2.5000001187436283e-05 5.4100004490464926e-05
4 2.2299995180219412e-05 3.090000245720148e-05
8 2.8299997211433947e-05 2.4900000425986946e-05
10 3.270000161137432e-05 2.5999994250014424e-05
20 7.68999889260158e-05 4.460000491235405e-05
40 0.00018269999418407679 5.679999594576657e-05
80 0.0016327999910572544 0.00015210000856313854
100 0.002969399996800348 0.00024759999359957874
200 0.008688599991728552 0.0004760000010719523
400 0.021585399998002686 0.0017873000033432618
800 0.08716999999887776 0.006552100006956607
1000 0.13003309999476187 0.011496499995701015
2000 0.5448184999986552 0.06770749999850523
4000 2.2159456000081263 0.39306559998658486
8000 9.389712200005306 2.3851178999902913
10000 15.213080000001355 4.026469600008568
