2 0.00019079999765381217 0.0004163999983575195
4 0.0002082999999402091 0.00020290000247769058
8 0.00024929999199230224 7.419999747071415e-05
10 0.00027859999681822956 8.129999332595617e-05
20 0.0004028999974252656 0.00015740000526420772
40 0.0007232000061776489 0.0001331999956164509
80 0.004116299998713657 0.0002471000043442473
100 0.005623599994578399 0.00021430000197142363
200 0.016227600004640408 0.0002859999949578196
400 0.0369189000048209 0.0005461999971885234
800 0.1124683000089135 0.0004062999942107126
1000 0.17710849999275524 0.0007293000089703128
2000 0.7021567999909166 0.0009699000074760988
4000 2.5576438999996753 0.0016890999977476895
8000 10.172289999987697 0.0042388000001665205
10000 15.868575599990436 0.004972900002030656
