2 0.00024280000070575625 0.0007871999987401068
4 0.0002646999928401783 0.0010781000019051135
8 0.00030949999927543104 0.001774799995473586
10 0.0003240999940317124 0.0020451000018510967
20 0.00040360000275541097 0.0035674999962793663
40 0.0015598000027239323 0.014858399998047389
80 0.0038524999981746078 0.027724800005671568
100 0.0055668999993940815 0.03601680000429042
200 0.017569200004800223 0.07195339999452699
400 0.056662700008018874 0.14575159999367315
800 0.21106679999502376 0.16316909999295603
1000 0.32134559999394696 0.23030180000932887
2000 0.7200623999960953 0.5835282000043662
4000 2.6485475999943446 1.862088699999731
8000 10.26713939999172 7.366631400000188
10000 17.23956439999165 10.809239400012302
