2 2.3300002794712782e-05 4.3499996536411345e-05
4 2.3100001271814108e-05 2.9999995604157448e-05
8 2.9400005587376654e-05 0.0001151999895228073
10 3.330000618007034e-05 2.549999044276774e-05
20 6.999999459367245e-05 4.1100007365457714e-05
40 0.00018429999181535095 5.970000347588211e-05
80 0.0015324999985750765 0.00015589999384246767
100 0.0023281000030692667 0.00026139999681618065
200 0.008642099986900575 0.0005222000036155805
400 0.019559000007575378 0.001444699999410659
800 0.09549169999081641 0.008852300001308322
1000 0.13833319999685045 0.015191800004686229
2000 0.6119277000107104 0.06720309999946039
4000 2.2962324999971315 0.40640629999688827
8000 9.060127400007332 2.2178765999997267
10000 14.139201699988917 4.269926900000428
