2 2.680000034160912e-05 3.8300000596791506e-05
4 2.8800001018680632e-05 3.260000084992498e-05
8 3.1100003980100155e-05 3.3199990866705775e-05
10 3.530000685714185e-05 3.519999154377729e-05
20 7.609999738633633e-05 4.67000063508749e-05
40 0.00018279999494552612 5.60000044060871e-05
80 0.001706499999272637 0.00014740000187885016
100 0.002421400000457652 0.00018760000239126384
200 0.009608799999114126 0.0005024999991292134
400 0.023561599999084137 0.0014316000015242025
800 0.09040359999926295 0.006359499995596707
1000 0.12791170000855345 0.011554400000022724
2000 0.5482233000075212 0.06653969999752007
4000 2.232191299990518 0.42359490001399536
8000 9.592792099996586 2.4387484999897424
10000 14.106777599998168 4.157369100008509
