2 0.0003434999962337315 0.0007264000014401972
4 0.0002452000044286251 0.0010921999928541481
8 0.0002517000102670863 0.0015912999951979145
10 0.00027650000993162394 0.0021917999983998016
20 0.00040699999954085797 0.003562400001101196
40 0.001538800002890639 0.01388040000165347
80 0.004338300001109019 0.029081300002872013
100 0.005028100000345148 0.033072300007916056
200 0.017931100010173395 0.0806455999991158
400 0.05692939998698421 0.1464750000013737
800 0.21511780000582803 0.16770849999738857
1000 0.280607400010922 0.2272437999927206
2000 0.7085137999965809 0.5623686000035377
4000 2.539830499998061 1.9190309999976307
8000 11.859710699995048 6.973764599999413
10000 16.242777200008277 10.941395000001648
