2 2.400000812485814e-05 6.799999391660094e-05
4 2.4500011932104826e-05 5.0099988584406674e-05
8 3.199999628122896e-05 5.6500008213333786e-05
10 3.7699996028095484e-05 6.029999349266291e-05
20 7.040001219138503e-05 6.439999560825527e-05
40 0.00017769999976735562 0.00017379999917466193
80 0.001665599993430078 0.00035930000012740493
100 0.0021803999989060685 0.0004304000030970201
200 0.009379999988595955 0.0011269000096945092
400 0.03648950000933837 0.0027359999949112535
800 0.08699769999657292 0.013342300007934682
1000 0.13911559998814482 0.027710900001693517
2000 0.5389861000003293 0.20930760000192095
4000 2.380962499999441 1.2389461999991909
8000 9.147186700007296 8.397379599991837
10000 14.23114020000503 16.005140599998413
