2 0.0003395999956410378 0.0007328000065172091
4 0.0002511000056983903 0.0010631999903125688
8 0.0002980000135721639 0.0017667999927653
10 0.00031820000731386244 0.0021342999971238896
20 0.000418099996750243 0.0036001000116812065
40 0.001563700003316626 0.014503300000797026
80 0.003664000003482215 0.028471500001614913
100 0.005362700001569465 0.03554339999391232
200 0.017229400007636286 0.07269929999893066
400 0.06235999999626074 0.156006500008516
800 0.2285009000042919 0.1874043999996502
1000 0.2716727999941213 0.21983100000943523
2000 0.8413908000075025 0.5740654999972321
4000 2.571551500004716 1.8804296999878716
8000 10.111074200001894 7.199905599991325
10000 17.011786699993536 10.802020400005858
