2 0.00020300000323913991 0.0003750999894691631
4 0.00021630000264849514 0.0002708999963942915
8 0.00026030000299215317 0.0002734000008786097
10 0.0003330000035930425 0.0002803999959724024
20 0.0004487999976845458 9.410000347997993e-05
40 0.0007326000049943104 9.509999654255807e-05
80 0.004056899997522123 0.00018600000475998968
100 0.005891099994187243 0.00023330000112764537
200 0.015718599999672733 0.00029520000680349767
400 0.03359449999697972 0.0003696000057971105
800 0.1403827000031015 0.0005624999903375283
1000 0.19812620000448078 0.0006592999998247251
2000 0.6903280999977142 0.0007633999921381474
4000 3.6191115000110585 0.001560099990456365
8000 10.219960200003698 0.004025200003525242
10000 15.826073400006862 0.004997800002456643
