2 0.00018990000535268337 0.00040010000520851463
4 0.00020929999300278723 0.00023940000392030925
8 0.0002641999890329316 0.00021490000654011965
10 0.000271999990218319 0.0002300000051036477
20 0.0003989999968325719 0.00026050000451505184
40 0.0007141000096453354 0.00026339999749325216
80 0.004172300003119744 0.00025669999013189226
100 0.005437699990579858 0.00023400000645779073
200 0.015188000004854985 0.0003648999991128221
400 0.03282200000830926 0.00024789999588392675
800 0.2337919999990845 0.0004754999972647056
1000 0.240944799996214 0.0004825000069104135
2000 0.6922305000043707 0.0008247000077972189
4000 2.5394890000025043 0.0016297999973176047
8000 10.251481900006183 0.00398999999742955
10000 15.874570700005279 0.0051165000040782616
