2 2.4299995857290924e-05 4.16000111727044e-05
4 2.4599998141638935e-05 3.3499993151053786e-05
8 2.920000406447798e-05 3.0800001695752144e-05
10 3.360000846441835e-05 3.2199997804127634e-05
20 6.859999848529696e-05 5.360000068321824e-05
40 0.0001858999894466251 7.000000914558768e-05
80 0.0014250000094762072 0.00017349999689031392
100 0.0029777000017929822 0.0002744999947026372
200 0.01057859999127686 0.0005487000016728416
400 0.048581600000034086 0.001983000009204261
800 0.10530349999316968 0.005957900008070283
1000 0.13427280000178143 0.013539799998397939
2000 0.5451634000055492 0.06815999999525957
4000 2.2233816999942064 0.39665640000021085
8000 9.121251200005645 2.23049240000546
10000 14.118297299995902 4.083744300005492
