2 7.749999349471182e-05 4.910001007374376e-05
4 4.400000034365803e-05 2.1900006686337292e-05
8 4.889999399892986e-05 1.550000160932541e-05
10 6.140000186860561e-05 1.5300000086426735e-05
20 0.00013099999341648072 1.750000228639692e-05
40 0.0003760999970836565 2.4900000425986946e-05
80 0.003322200005641207 7.2900002123788e-05
100 0.004712800000561401 9.349999891128391e-05
200 0.018606300000101328 0.0003432000085012987
400 0.09766990000207443 0.00213939999230206
800 0.274555900003179 0.009079700001166202
1000 0.264808300009463 0.019106299994746223
2000 1.1036008999944897 0.11100760000408627
4000 4.47820430000138 0.6704639999952633
8000 20.257202699998743 4.965856800001347
10000 28.563532899992424 9.880536500000744
