2 0.0004726000042865053 0.00013549999857787043
4 0.00043169999844394624 0.00010350000229664147
8 0.0005708000098820776 0.00010920000204350799
10 0.0005438000080175698 9.770000178832561e-05
20 0.0008971999923232943 0.00011239999730605632
40 0.0014316000015242025 0.00010429999383632094
80 0.008515400011674501 0.00023459999647457153
100 0.01298539999697823 0.00022960000205785036
200 0.033899700007168576 0.00021659999038092792
400 0.10049339999386575 0.00030350001179613173
800 0.35765409999294207 0.0006559000030392781
1000 0.3739676999975927 0.0008658000006107613
2000 1.3571374000021024 0.0029669999930774793
4000 5.171922199995606 0.010903899994445965
8000 20.665398600001936 0.043191799995838664
10000 31.882779499996104 0.067378000007011
