2 0.0001086000120267272 0.000490399994305335
4 4.1799998143687844e-05 1.750000228639692e-05
8 5.3100011427886784e-05 1.0499992640689015e-05
10 5.5199998314492404e-05 1.1299998732283711e-05
20 0.00014239999291021377 1.200000406242907e-05
40 0.00036779999209102243 1.8699996871873736e-05
80 0.003434899990679696 5.110001075081527e-05
100 0.005063099990366027 0.00010140000085812062
200 0.021639300000970252 0.0003789999900618568
400 0.09200950000376906 0.002327299996977672
800 0.30931900000723545 0.009770200005732477
1000 0.26436000000103377 0.012938200001372024
2000 1.0992734000028577 0.10498449999431614
4000 4.448658900000737 0.6128680999972858
8000 18.013810999997077 6.356031000002986
10000 30.291902299999492 10.095112799986964
