2 0.0006126999942352995 3.7600009818561375e-05
4 4.230000195093453e-05 1.85999961104244e-05
8 4.880000778939575e-05 1.09999964479357e-05
10 6.19000056758523e-05 1.069999416358769e-05
20 0.00014309999824035913 1.2299991794861853e-05
40 0.0003724999987753108 1.8000006093643606e-05
80 0.0028851999959442765 5.6200005928985775e-05
100 0.0045833999902242795 0.00010430000838823617
200 0.017610000009881333 0.00022599998919758946
400 0.09012720000464469 0.0014955999940866604
800 0.16374550000182353 0.007316799994441681
1000 0.25366060000669677 0.014820199998212047
2000 1.089058900004602 0.12095060000137892
4000 4.53374640000402 0.609684399998514
8000 18.027274499996565 4.808914099994581
10000 29.66245780000463 9.713472899995395
