2 5.3800002206116915e-05 2.1500003640539944e-05
4 4.6299988753162324e-05 2.030000905506313e-05
8 5.3099996875971556e-05 1.7600003047846258e-05
10 6.259999645408243e-05 2.1100000594742596e-05
20 0.0003327000013086945 2.1100000594742596e-05
40 0.0004158999945502728 1.8800012185238302e-05
80 0.0032638999982737005 4.939999780617654e-05
100 0.0048974000092130154 7.03999976394698e-05
200 0.022375599990482442 0.0002327999973203987
400 0.08997469999303576 0.0015325999993365258
800 0.1708585000014864 0.010300299996742979
1000 0.41178409999702126 0.01733020000392571
2000 1.3037238999968395 0.1371551000047475
4000 4.490851399998064 0.6634154000057606
8000 19.28563509999367 4.941720600007102
10000 28.313033200000064 9.78709909999452
