2 0.0007390000100713223 8.489999163430184e-05
4 4.199999966658652e-05 1.7400001524947584e-05
8 5.099999543745071e-05 1.0899995686486363e-05
10 5.43000060133636e-05 1.1099997209385037e-05
20 0.00014370000280905515 1.1399999493733048e-05
40 0.00037460000021383166 1.7099999240599573e-05
80 0.0027575999993132427 5.229999078437686e-05
100 0.0046058000007178634 8.539999544154853e-05
200 0.018660500005353242 0.00039739999920129776
400 0.0875917999946978 0.0020074000058230013
800 0.18093570000200998 0.012562299991259351
1000 0.2684668000001693 0.01797430000442546
2000 1.143417799990857 0.14563310000812635
4000 4.44242839999788 0.6417854000028456
8000 18.586059500012198 5.212845899994136
10000 28.381153000009363 9.58399030000146
