2 0.0005356000037863851 0.00011829999857582152
4 0.00046960001054685563 0.00010710000060498714
8 0.0005476999940583482 0.00010480001219548285
10 0.0005812000017613173 0.0001053000014508143
20 0.000941999998758547 0.00011820001236628741
40 0.00147639999340754 0.00010699999984353781
80 0.008266799995908514 0.000262400004430674
100 0.010615000006509945 0.00023879999935161322
200 0.038775699998950586 0.0003324999997857958
400 0.07573329999286216 0.00029850000282749534
800 0.2828393999952823 0.0006078000005800277
1000 0.37981770001351833 0.0008177999989129603
2000 1.3575741999957245 0.0027716000040527433
4000 5.354743200005032 0.01343740000447724
8000 22.671497500006808 0.05725189999793656
10000 31.829533600001014 0.07265580000239424
