2 0.0004710999928647652 0.00011269999959040433
4 0.0004355000128271058 0.00010289999772794545
8 0.000562699991860427 0.00011010000889655203
10 0.0005479000101331621 9.600000339560211e-05
20 0.0008940000116126612 0.00011129998893011361
40 0.0014350999990710989 0.00010699999984353781
80 0.007682299998123199 0.00020900000527035445
100 0.01086389999545645 0.00031180000223685056
200 0.03528799999912735 0.00026929999876301736
400 0.07281650000368245 0.0004347000067355111
800 0.2579912999935914 0.0006564999930560589
1000 0.4186945000110427 0.0010473000002093613
2000 1.2880970999976853 0.00290389999281615
4000 5.0629499000060605 0.011033400005544536
8000 20.237681200000225 0.043494900004589
10000 31.70266169999377 0.06708380000782199
