2 0.0004869000113103539 0.00011239999730605632
4 0.0004334999975981191 0.00010400000610388815
8 0.0005062999989604577 0.00010119999933522195
10 0.000618399993982166 0.00011100000119768083
20 0.0009037999989232048 0.00011110000195913017
40 0.0014401999942492694 0.00010670001211110502
80 0.007867799999075942 0.0002119999990100041
100 0.011687699996400625 0.000229199999012053
200 0.03226089999952819 0.0002607999922474846
400 0.056348600002820604 0.0003281999961473048
800 0.3335534999932861 0.0006351000047288835
1000 0.4376018000039039 0.0008944000001065433
2000 1.3367113999993308 0.003117300002486445
4000 5.1506315000006 0.011035300005460158
8000 20.326118900004076 0.043324999991455115
10000 31.75523160000739 0.0669420999911381
