2 0.0005318999901646748 0.00011020000965800136
4 0.00044299999717622995 0.00010479999764356762
8 0.0005132000078447163 0.00010269999620504677
10 0.0006150999979581684 0.00010289999772794545
20 0.0008147000044118613 0.00010469999688211828
40 0.0014672999968752265 0.00011359999189153314
80 0.008164200000464916 0.0002750999992713332
100 0.01087050000205636 0.00021569999807979912
200 0.03290920000290498 0.0002832000027410686
400 0.13291210000170395 0.00037850000080652535
800 0.28815200000826735 0.0009665999969001859
1000 0.4094273000082467 0.0008873999904608354
2000 1.302180300001055 0.003008400002727285
4000 5.214914800002589 0.010786900005768985
8000 20.88924180000322 0.04414109999197535
10000 34.24438879999798 0.06476239999756217
