2 1.3860002218279987e-05
4 2.1619998733513057e-05
5 1.7880000814329833e-05
10 1.668000186327845e-05
15 1.8000001728069037e-05
20 2.361999941058457e-05
25 3.0280000646598638e-05
30 3.3919997804332525e-05
40 5.9240001428406684e-05
50 0.00010210000036749988
60 5.283999926177785e-05
70 0.00012127999943913891
80 9.529999952064827e-05
90 0.00012645999959204346
100 0.00016664000140735878
125 0.00022467999951913953
150 0.0002759799986961298
175 0.0003193999989889562
200 0.00036794000043300913
300 0.0015401399999973365
400 0.002921760000754148
500 0.004287780002050568
650 0.008703099997364915
800 0.009944620000896975
1000 0.01762051999976393
2000 0.11817444000043906
5000 0.9483617399993818
10000 4.7160136600025
15000 16.833786619998865
