2 9.980000177165494e-05
4 0.00014291999978013336
5 5.383999668993056e-05
10 4.845999792451039e-05
15 4.9320001562591645e-05
20 8.455999777652323e-05
25 6.393999938154593e-05
30 8.561999857192859e-05
40 0.0001310599996941164
50 0.0002091999995172955
60 9.900000295601786e-05
70 0.00015808000025572256
80 0.00014519999822368846
90 0.00017453999753342942
100 0.00029938000079710037
125 0.0003003199977683835
150 0.00043540000187931583
175 0.0003838599979644641
200 0.0005168799994862639
300 0.001234739998471923
400 0.0020132399979047476
500 0.0032090199994854627
650 0.010678539998480119
800 0.014195819999440574
1000 0.024146779997681733
2000 0.1565467600012198
5000 1.379787100001704
10000 6.079539940002723
15000 18.94334140000283
