2 4.669999907491729e-05
4 7.529999857069924e-05
5 4.9740000395104286e-05
10 4.652000061469153e-05
15 5.0720000581350176e-05
20 5.815999902551994e-05
25 6.16400022408925e-05
30 7.336000126088039e-05
40 0.000122160000319127
50 0.00012243999954080208
60 9.336000075563789e-05
70 0.00014870000013615935
80 0.00019750000210478903
90 0.00019333999807713553
100 0.0002734600013354793
125 0.0003175999998347834
150 0.00045590000081574544
175 0.00042635999998310583
200 0.0008730199988349341
300 0.0012521799959358758
400 0.002825980000488926
500 0.0046730199988815006
650 0.009632640000199899
800 0.01243275999877369
1000 0.023209920001681893
2000 0.1844132999991416
5000 1.4610372199982522
10000 6.006381819993839
15000 18.11315142000094
