2 3.207999980077147e-05
4 8.821999945212156e-05
5 4.2560002475511284e-05
10 3.643999807536602e-05
15 4.0520000038668516e-05
20 4.262000002199784e-05
25 4.861999914282933e-05
30 6.250000005820766e-05
40 9.518000006210059e-05
50 9.806000016396866e-05
60 8.548000041628257e-05
70 0.00010129999864147977
80 0.00016441999905509875
90 0.00012013999948976562
100 0.00016746000037528574
125 0.0001605400029802695
150 0.0002976800009491853
175 0.0005391400001826697
200 0.0002911800009314902
300 0.0007656400004634634
400 0.001700659999914933
500 0.003772219999518711
650 0.006666880000557285
800 0.009370680003485177
1000 0.0164866399980383
2000 0.11489432000089436
5000 0.9968525599993882
10000 4.39368884000578
15000 12.835590020005474
