2 2.945999876828864e-05
4 4.4020000495947896e-05
5 6.389999762177468e-05
10 3.192000003764406e-05
15 3.5640000714920464e-05
20 3.768000169657171e-05
25 4.455999878700822e-05
30 5.281999910948798e-05
40 8.943999855546281e-05
50 7.519999926444143e-05
60 6.59800018183887e-05
70 9.79200005531311e-05
80 0.00017018000071402639
90 0.0002943400002550334
100 0.00017144000012194737
125 0.00018053999810945242
150 0.00039072000072337687
175 0.00037486000073840844
200 0.000316099998599384
300 0.0006632200005697086
400 0.0017329599999357016
500 0.002879640000173822
650 0.006148819999361876
800 0.010527079997700639
1000 0.01703008000185946
2000 0.11468402000027708
5000 0.9620288600024651
10000 4.357733419994474
15000 12.446083820002968
