2 3.377999819349497e-05
4 4.997999640181661e-05
5 3.370000049471855e-05
10 3.477999998722225e-05
15 3.48599991411902e-05
20 4.041999927721918e-05
25 7.921999786049127e-05
30 0.00012392000062391161
40 0.00012678000057348983
50 0.00014399999927263706
60 0.00012381999986246228
70 0.00019377999997232108
80 0.00018278000061400235
90 0.0002417399999103509
100 0.00037708000018028543
125 0.0004008400006568991
150 0.0005289599983370862
175 0.0005743800007621758
200 0.0007021199999144301
300 0.003031160002865363
400 0.006444719998398796
500 0.01332747999986168
650 0.029144639999140055
800 0.0389919999986887
1000 0.06264981999993324
2000 0.4052351999998791
5000 3.63134886000189
10000 17.30719817999925
15000 58.612573539998266
